{
 "cells": [
  {
   "cell_type": "code",
   "execution_count": 1,
   "metadata": {},
   "outputs": [],
   "source": [
    "import numpy as np\n",
    "import pandas as pd\n",
    "import matplotlib.pyplot as plt"
   ]
  },
  {
   "cell_type": "markdown",
   "metadata": {},
   "source": [
    "## 读取数据"
   ]
  },
  {
   "cell_type": "code",
   "execution_count": 2,
   "metadata": {},
   "outputs": [],
   "source": [
    "# UCI数据：美国居民收入\n",
    "\n",
    "# 显示数据设置：100列，400行\n",
    "pd.set_option('display.max_colwidth',100)\n",
    "pd.set_option('display.max_rows',400)\n",
    "pd.set_option('display.width',1000)"
   ]
  },
  {
   "cell_type": "code",
   "execution_count": 198,
   "metadata": {},
   "outputs": [],
   "source": [
    "# 读取数据\n",
    "data=pd.DataFrame(pd.read_csv('/Users/miya/PycharmProjects/miya/Dataset/american_outcome.txt')).head(10000)"
   ]
  },
  {
   "cell_type": "markdown",
   "metadata": {},
   "source": [
    "## 数据处理"
   ]
  },
  {
   "cell_type": "code",
   "execution_count": 199,
   "metadata": {},
   "outputs": [],
   "source": [
    "# LabelEncoder标签数值化（将文字信息转化为数字信息）\n",
    "from sklearn.preprocessing import LabelEncoder\n",
    "le =LabelEncoder()"
   ]
  },
  {
   "cell_type": "code",
   "execution_count": 200,
   "metadata": {},
   "outputs": [],
   "source": [
    "# # OneHotEncoder 编码\n",
    "from sklearn.preprocessing import OneHotEncoder\n",
    "enc = OneHotEncoder(categorical_features=np.array([1,3,5,6,7,8,9,13]))    #数字代表需要编码的列，对应上面的LabelEncoder处理"
   ]
  },
  {
   "cell_type": "code",
   "execution_count": 201,
   "metadata": {},
   "outputs": [
    {
     "name": "stdout",
     "output_type": "stream",
     "text": [
      "[[0. 0. 0. ... 0. 1. 0.]\n",
      " [0. 0. 0. ... 1. 0. 0.]\n",
      " [0. 0. 0. ... 0. 0. 0.]\n",
      " ...\n",
      " [0. 0. 0. ... 0. 0. 0.]\n",
      " [0. 0. 0. ... 0. 0. 0.]\n",
      " [0. 0. 0. ... 0. 0. 0.]]\n"
     ]
    }
   ],
   "source": [
    "data['workclass']=le.fit_transform(data['workclass'].values)\n",
    "b=OneHotEncoder(sparse=False).fit_transform(data['workclass'].values.reshape(-1,1))\n",
    "print(b)"
   ]
  },
  {
   "cell_type": "code",
   "execution_count": 202,
   "metadata": {},
   "outputs": [],
   "source": [
    "data['education']=le.fit_transform(data['education'].values)\n",
    "data['education']=OneHotEncoder(sparse=False).fit_transform(data['education'].values.reshape(-1,1))\n",
    "a=pd.get_dummies(data['education'],columns=data['education'])"
   ]
  },
  {
   "cell_type": "code",
   "execution_count": 203,
   "metadata": {},
   "outputs": [],
   "source": [
    "data['marital-status']=le.fit_transform(data['marital-status'].values)\n",
    "data['marital-status']=OneHotEncoder(sparse=False).fit_transform(data['marital-status'].values.reshape(-1,1))"
   ]
  },
  {
   "cell_type": "code",
   "execution_count": 204,
   "metadata": {},
   "outputs": [],
   "source": [
    "data['occupation']=le.fit_transform(data['occupation'].values)\n",
    "data['occupation']=OneHotEncoder(sparse=False).fit_transform(data['occupation'].values.reshape(-1,1))"
   ]
  },
  {
   "cell_type": "code",
   "execution_count": 205,
   "metadata": {},
   "outputs": [],
   "source": [
    "data['relationship']=le.fit_transform(data['relationship'].values)\n",
    "data['relationship']=OneHotEncoder(sparse=False).fit_transform(data['relationship'].values.reshape(-1,1))"
   ]
  },
  {
   "cell_type": "code",
   "execution_count": 206,
   "metadata": {},
   "outputs": [],
   "source": [
    "data['race']=le.fit_transform(data['race'].values)\n",
    "data['race']=OneHotEncoder(sparse=False).fit_transform(data['race'].values.reshape(-1,1))"
   ]
  },
  {
   "cell_type": "code",
   "execution_count": 207,
   "metadata": {},
   "outputs": [],
   "source": [
    "data['sex']=le.fit_transform(data['sex'].values)\n",
    "data['sex']=OneHotEncoder(sparse=False).fit_transform(data['sex'].values.reshape(-1,1))"
   ]
  },
  {
   "cell_type": "code",
   "execution_count": 208,
   "metadata": {},
   "outputs": [],
   "source": [
    "data['native-country']=le.fit_transform(data['native-country'].values)\n",
    "data['native-country']=OneHotEncoder(sparse=False).fit_transform(data['native-country'].values.reshape(-1,1))"
   ]
  },
  {
   "cell_type": "code",
   "execution_count": 209,
   "metadata": {},
   "outputs": [],
   "source": [
    "data['50K']=le.fit_transform(data['50K'].values)\n",
    "data['50K']=OneHotEncoder(sparse=False).fit_transform(data['50K'].values.reshape(-1,1))"
   ]
  },
  {
   "cell_type": "code",
   "execution_count": 210,
   "metadata": {},
   "outputs": [],
   "source": [
    "# print(data['50K'])\n",
    "# print(data['sex'])\n",
    "# print(data['workclass'])\n",
    "# print(data['education'])\n",
    "# print(data)"
   ]
  },
  {
   "cell_type": "code",
   "execution_count": 211,
   "metadata": {},
   "outputs": [
    {
     "name": "stdout",
     "output_type": "stream",
     "text": [
      "0       False\n",
      "1       False\n",
      "2       False\n",
      "3       False\n",
      "4       False\n",
      "5       False\n",
      "6       False\n",
      "7       False\n",
      "8       False\n",
      "9       False\n",
      "10      False\n",
      "11      False\n",
      "12      False\n",
      "13      False\n",
      "14      False\n",
      "15      False\n",
      "16      False\n",
      "17      False\n",
      "18      False\n",
      "19      False\n",
      "20      False\n",
      "21      False\n",
      "22      False\n",
      "23      False\n",
      "24      False\n",
      "25      False\n",
      "26      False\n",
      "27      False\n",
      "28      False\n",
      "29      False\n",
      "30      False\n",
      "31      False\n",
      "32      False\n",
      "33      False\n",
      "34      False\n",
      "35      False\n",
      "36      False\n",
      "37      False\n",
      "38      False\n",
      "39      False\n",
      "40      False\n",
      "41      False\n",
      "42      False\n",
      "43      False\n",
      "44      False\n",
      "45      False\n",
      "46      False\n",
      "47      False\n",
      "48      False\n",
      "49      False\n",
      "50      False\n",
      "51      False\n",
      "52      False\n",
      "53      False\n",
      "54      False\n",
      "55      False\n",
      "56      False\n",
      "57      False\n",
      "58      False\n",
      "59      False\n",
      "60      False\n",
      "61      False\n",
      "62      False\n",
      "63      False\n",
      "64      False\n",
      "65      False\n",
      "66      False\n",
      "67      False\n",
      "68      False\n",
      "69      False\n",
      "70      False\n",
      "71      False\n",
      "72      False\n",
      "73      False\n",
      "74      False\n",
      "75      False\n",
      "76      False\n",
      "77      False\n",
      "78      False\n",
      "79      False\n",
      "80      False\n",
      "81      False\n",
      "82      False\n",
      "83      False\n",
      "84      False\n",
      "85      False\n",
      "86      False\n",
      "87      False\n",
      "88      False\n",
      "89      False\n",
      "90      False\n",
      "91      False\n",
      "92      False\n",
      "93      False\n",
      "94      False\n",
      "95      False\n",
      "96      False\n",
      "97      False\n",
      "98      False\n",
      "99      False\n",
      "100     False\n",
      "101     False\n",
      "102     False\n",
      "103     False\n",
      "104     False\n",
      "105     False\n",
      "106     False\n",
      "107     False\n",
      "108     False\n",
      "109     False\n",
      "110     False\n",
      "111     False\n",
      "112     False\n",
      "113     False\n",
      "114     False\n",
      "115     False\n",
      "116     False\n",
      "117     False\n",
      "118     False\n",
      "119     False\n",
      "120     False\n",
      "121     False\n",
      "122     False\n",
      "123     False\n",
      "124     False\n",
      "125     False\n",
      "126     False\n",
      "127     False\n",
      "128     False\n",
      "129     False\n",
      "130     False\n",
      "131     False\n",
      "132     False\n",
      "133     False\n",
      "134     False\n",
      "135     False\n",
      "136     False\n",
      "137     False\n",
      "138     False\n",
      "139     False\n",
      "140     False\n",
      "141     False\n",
      "142     False\n",
      "143     False\n",
      "144     False\n",
      "145     False\n",
      "146     False\n",
      "147     False\n",
      "148     False\n",
      "149     False\n",
      "150     False\n",
      "151     False\n",
      "152     False\n",
      "153     False\n",
      "154     False\n",
      "155     False\n",
      "156     False\n",
      "157     False\n",
      "158     False\n",
      "159     False\n",
      "160     False\n",
      "161     False\n",
      "162     False\n",
      "163     False\n",
      "164     False\n",
      "165     False\n",
      "166     False\n",
      "167     False\n",
      "168     False\n",
      "169     False\n",
      "170     False\n",
      "171     False\n",
      "172     False\n",
      "173     False\n",
      "174     False\n",
      "175     False\n",
      "176     False\n",
      "177     False\n",
      "178     False\n",
      "179     False\n",
      "180     False\n",
      "181     False\n",
      "182     False\n",
      "183     False\n",
      "184     False\n",
      "185     False\n",
      "186     False\n",
      "187     False\n",
      "188     False\n",
      "189     False\n",
      "190     False\n",
      "191     False\n",
      "192     False\n",
      "193     False\n",
      "194     False\n",
      "195     False\n",
      "196     False\n",
      "197     False\n",
      "198     False\n",
      "199     False\n",
      "        ...  \n",
      "9800    False\n",
      "9801    False\n",
      "9802    False\n",
      "9803    False\n",
      "9804    False\n",
      "9805    False\n",
      "9806    False\n",
      "9807    False\n",
      "9808    False\n",
      "9809    False\n",
      "9810    False\n",
      "9811    False\n",
      "9812    False\n",
      "9813    False\n",
      "9814    False\n",
      "9815    False\n",
      "9816    False\n",
      "9817    False\n",
      "9818    False\n",
      "9819    False\n",
      "9820    False\n",
      "9821    False\n",
      "9822    False\n",
      "9823    False\n",
      "9824    False\n",
      "9825    False\n",
      "9826    False\n",
      "9827    False\n",
      "9828    False\n",
      "9829    False\n",
      "9830    False\n",
      "9831    False\n",
      "9832    False\n",
      "9833    False\n",
      "9834    False\n",
      "9835    False\n",
      "9836    False\n",
      "9837    False\n",
      "9838    False\n",
      "9839    False\n",
      "9840    False\n",
      "9841    False\n",
      "9842    False\n",
      "9843    False\n",
      "9844    False\n",
      "9845    False\n",
      "9846    False\n",
      "9847    False\n",
      "9848    False\n",
      "9849    False\n",
      "9850    False\n",
      "9851    False\n",
      "9852    False\n",
      "9853    False\n",
      "9854    False\n",
      "9855    False\n",
      "9856    False\n",
      "9857    False\n",
      "9858    False\n",
      "9859    False\n",
      "9860    False\n",
      "9861    False\n",
      "9862    False\n",
      "9863    False\n",
      "9864    False\n",
      "9865    False\n",
      "9866    False\n",
      "9867    False\n",
      "9868    False\n",
      "9869    False\n",
      "9870    False\n",
      "9871    False\n",
      "9872    False\n",
      "9873    False\n",
      "9874    False\n",
      "9875    False\n",
      "9876    False\n",
      "9877    False\n",
      "9878    False\n",
      "9879    False\n",
      "9880    False\n",
      "9881    False\n",
      "9882    False\n",
      "9883    False\n",
      "9884    False\n",
      "9885    False\n",
      "9886    False\n",
      "9887    False\n",
      "9888    False\n",
      "9889    False\n",
      "9890    False\n",
      "9891    False\n",
      "9892    False\n",
      "9893    False\n",
      "9894    False\n",
      "9895    False\n",
      "9896    False\n",
      "9897    False\n",
      "9898    False\n",
      "9899    False\n",
      "9900    False\n",
      "9901    False\n",
      "9902    False\n",
      "9903    False\n",
      "9904    False\n",
      "9905    False\n",
      "9906    False\n",
      "9907    False\n",
      "9908    False\n",
      "9909    False\n",
      "9910    False\n",
      "9911    False\n",
      "9912    False\n",
      "9913    False\n",
      "9914    False\n",
      "9915    False\n",
      "9916    False\n",
      "9917    False\n",
      "9918    False\n",
      "9919    False\n",
      "9920    False\n",
      "9921    False\n",
      "9922    False\n",
      "9923    False\n",
      "9924    False\n",
      "9925    False\n",
      "9926    False\n",
      "9927    False\n",
      "9928    False\n",
      "9929    False\n",
      "9930    False\n",
      "9931    False\n",
      "9932    False\n",
      "9933    False\n",
      "9934    False\n",
      "9935    False\n",
      "9936    False\n",
      "9937    False\n",
      "9938    False\n",
      "9939    False\n",
      "9940    False\n",
      "9941    False\n",
      "9942    False\n",
      "9943    False\n",
      "9944    False\n",
      "9945    False\n",
      "9946    False\n",
      "9947    False\n",
      "9948    False\n",
      "9949    False\n",
      "9950    False\n",
      "9951    False\n",
      "9952    False\n",
      "9953    False\n",
      "9954    False\n",
      "9955    False\n",
      "9956    False\n",
      "9957    False\n",
      "9958    False\n",
      "9959    False\n",
      "9960    False\n",
      "9961    False\n",
      "9962    False\n",
      "9963    False\n",
      "9964    False\n",
      "9965    False\n",
      "9966    False\n",
      "9967    False\n",
      "9968    False\n",
      "9969    False\n",
      "9970    False\n",
      "9971    False\n",
      "9972    False\n",
      "9973    False\n",
      "9974    False\n",
      "9975    False\n",
      "9976    False\n",
      "9977    False\n",
      "9978    False\n",
      "9979    False\n",
      "9980     True\n",
      "9981    False\n",
      "9982    False\n",
      "9983    False\n",
      "9984    False\n",
      "9985    False\n",
      "9986    False\n",
      "9987    False\n",
      "9988    False\n",
      "9989    False\n",
      "9990    False\n",
      "9991    False\n",
      "9992    False\n",
      "9993    False\n",
      "9994    False\n",
      "9995    False\n",
      "9996    False\n",
      "9997    False\n",
      "9998    False\n",
      "9999    False\n",
      "Length: 10000, dtype: bool\n"
     ]
    }
   ],
   "source": [
    "# 数据去重，找出重复的位置\n",
    "def duplicated(data):\n",
    "    dIndex = data.duplicated()\n",
    "    print(dIndex)\n",
    "    data = data.drop_duplicates()\n",
    "duplicated(data)"
   ]
  },
  {
   "cell_type": "code",
   "execution_count": 212,
   "metadata": {},
   "outputs": [],
   "source": [
    "# 填充连续型变量缺失值，以均值替代\n",
    "data[['age','fnlwg','capital-gain', 'capital-loss', 'hours-per-week']]=data[['age','fnlwg','capital-gain', 'capital-loss', 'hours-per-week']].replace('?',np.NaN)\n",
    "data.fillna(data.mean(),inplace=True)\n",
    "# print(data)"
   ]
  },
  {
   "cell_type": "code",
   "execution_count": 178,
   "metadata": {},
   "outputs": [],
   "source": [
    "# spearman相关系数分析（显示特征之间的关系）\n",
    "def spearman(data):\n",
    "    print(data.corr(method='spearman'))\n",
    "    import matplotlib.style as psl   #图片风格\n",
    "    print(psl.available)\n",
    "    psl.use('dark_background')"
   ]
  },
  {
   "cell_type": "code",
   "execution_count": 179,
   "metadata": {},
   "outputs": [
    {
     "name": "stdout",
     "output_type": "stream",
     "text": [
      "                     age  workclass     fnlwg  education  education-num  marital-status  occupation  relationship      race       sex  capital-gain  capital-loss  hours-per-week  native-country       50K\n",
      "age             1.000000   0.069757 -0.071893  -0.040702       0.048631        0.152949   -0.017091      0.343119 -0.013115 -0.090972      0.113787      0.057391        0.134141        0.010279 -0.269649\n",
      "workclass       0.069757   1.000000 -0.021314   0.007175       0.044333       -0.028570   -0.499220      0.134151 -0.021189 -0.119193      0.037938      0.007908        0.133258        0.000678 -0.077375\n",
      "fnlwg          -0.071893  -0.021314  1.000000  -0.039769      -0.040799       -0.024060   -0.003114     -0.023758 -0.065649 -0.031444     -0.013233     -0.003726       -0.019536       -0.000120  0.014817\n",
      "education      -0.040702   0.007175 -0.039769   1.000000       0.207826        0.016703    0.003551     -0.021029 -0.002847  0.036037      0.001442      0.009139        0.002686       -0.018214 -0.016440\n",
      "education-num   0.048631   0.044333 -0.040799   0.207826       1.000000       -0.028593   -0.061232      0.068919 -0.031987 -0.008817      0.114671      0.078269        0.158004        0.026972 -0.316829\n",
      "marital-status  0.152949  -0.028570 -0.024060   0.016703      -0.028593        1.000000   -0.028548     -0.327311  0.012540  0.229926     -0.023775     -0.030086        0.020109       -0.028379  0.127475\n",
      "occupation     -0.017091  -0.499220 -0.003114   0.003551      -0.061232       -0.028548    1.000000     -0.075040  0.005154  0.066835     -0.016512     -0.023763       -0.169309        0.001256  0.079402\n",
      "relationship    0.343119   0.134151 -0.023758  -0.021029       0.068919       -0.327311   -0.075040      1.000000 -0.023897 -0.572083      0.118788      0.077275        0.273831        0.011665 -0.396780\n",
      "race           -0.013115  -0.021189 -0.065649  -0.002847      -0.031987        0.012540    0.005154     -0.023897  1.000000  0.024407     -0.005115     -0.017706        0.003592       -0.013576  0.032147\n",
      "sex            -0.090972  -0.119193 -0.031444   0.036037      -0.008817        0.229926    0.066835     -0.572083  0.024407  1.000000     -0.059822     -0.056071       -0.257810       -0.020226  0.203006\n",
      "capital-gain    0.113787   0.037938 -0.013233   0.001442       0.114671       -0.023775   -0.016512      0.118788 -0.005115 -0.059822      1.000000     -0.066751        0.098737        0.014148 -0.271611\n",
      "capital-loss    0.057391   0.007908 -0.003726   0.009139       0.078269       -0.030086   -0.023763      0.077275 -0.017706 -0.056071     -0.066751      1.000000        0.071233        0.019014 -0.140062\n",
      "hours-per-week  0.134141   0.133258 -0.019536   0.002686       0.158004        0.020109   -0.169309      0.273831  0.003592 -0.257810      0.098737      0.071233        1.000000        0.001601 -0.262193\n",
      "native-country  0.010279   0.000678 -0.000120  -0.018214       0.026972       -0.028379    0.001256      0.011665 -0.013576 -0.020226      0.014148      0.019014        0.001601        1.000000 -0.019273\n",
      "50K            -0.269649  -0.077375  0.014817  -0.016440      -0.316829        0.127475    0.079402     -0.396780  0.032147  0.203006     -0.271611     -0.140062       -0.262193       -0.019273  1.000000\n",
      "['seaborn-dark', 'seaborn-darkgrid', 'seaborn-ticks', 'fivethirtyeight', 'seaborn-whitegrid', 'classic', '_classic_test', 'fast', 'seaborn-talk', 'seaborn-dark-palette', 'seaborn-bright', 'seaborn-pastel', 'grayscale', 'seaborn-notebook', 'ggplot', 'seaborn-colorblind', 'seaborn-muted', 'seaborn', 'Solarize_Light2', 'seaborn-paper', 'bmh', 'seaborn-white', 'dark_background', 'seaborn-poster', 'seaborn-deep']\n"
     ]
    }
   ],
   "source": [
    "spearman(data)"
   ]
  },
  {
   "cell_type": "code",
   "execution_count": 90,
   "metadata": {},
   "outputs": [],
   "source": [
    "# 资产评估,通过两列值相减，并赋值，capital-gain和capital-loos之间的差值，来衡量资产状况，不再考虑capital-loss\n",
    "data['capital-gain']=data['capital-gain']-data['capital-loss']\n",
    "# print(data['capital-gain'])\n",
    "# data=data.drop('capital-loss')"
   ]
  },
  {
   "cell_type": "code",
   "execution_count": 99,
   "metadata": {},
   "outputs": [
    {
     "data": {
